# Created by Octave 3.8.1, Mon Oct 19 15:48:30 2015 EDT <richardo@lzd>>
# name: w
# type: matrix
# rows: 1024
# columns: 1
 0.001428110136649517
 0.03535106886277227
 0.5424359562485707
 -0.3495765215783513
 -0.03432063693973398
 -0.2859113403799106
 0.09019100354061434
 1.292406105925888
 -0.1208224728890207
 0.1251355588458371
 0.1560791735651167
 -0.2909136788688531
 0.1640100320003396
 0.003861273146129096
 0.1825132833330483
 -0.0796776863605006
 -0.1564393155775817
 0.04560717792554098
 0.5458239336369953
 1.269087843809434
 0.5686912317947789
 0.1243289948563238
 0.2072909556806943
 0.1723093441081444
 0.03059946513730728
 -0.3020318524279252
 0.2025915196658047
 0.2138092990662983
 0.09174728283360958
 0.1763017783390933
 -0.105613954589173
 0.3908829148707558
 0.2340869896655089
 -0.4649226398460196
 2.2113229039652
 -0.1987267834834477
 0.2497260101335673
 0.1916837639910924
 -0.555888662250247
 0.9750196424104846
 0.1731602280720922
 0.101878771052774
 0.004806634878795649
 0.5413344211697806
 0.2752111094768309
 0.1339888493925424
 0.07166447408471666
 -0.5493579273921598
 -0.1513956872601051
 -0.8085951721093672
 -0.01265190576408605
 0.1496142495430074
 0.1894604886297177
 1.17481620227936
 -0.8864118078926798
 0.457266146218296
 -0.1510444779200688
 0.3633679709522059
 0.08339504174236639
 0.5440325114713034
 1.822939228269225
 -0.1050131382720604
 0.2564261226132924
 -0.743257322485454
 0.09226355845222976
 0.06725402048646613
 0.2995290220403055
 -0.01813431933692491
 -0.1231362777772472
 0.1603373177381121
 6.540740006871744
 -0.1164473384228931
 -0.1916872106872065
 -0.02833054117783443
 -1.590302393423119
 -1.098441927466599
 -0.4695589293224597
 -0.2858008135567294
 0.3913000700720698
 0.07896673165831899
 -0.02144012956241356
 0.08424018742454481
 0.2465020056391084
 0.1289675547527138
 -0.126023612134075
 0.5438809303085305
 -0.01481877631144824
 0.1434443482461529
 0.3268406455336536
 0.4434842791118099
 0.1751523396725339
 0.4684344470219168
 0.1169091492868665
 0.09859345923452405
 -0.251891456131037
 -0.2126443992738029
 -0.1655447469920551
 0.6954979428750423
 -0.2493141353374034
 1.220628218712133
 -1.987759181199289
 0.1119765910425744
 0.2284704608605732
 0.4118771591313179
 -3.191651027216928
 0.1225571701424709
 -0.4467731717235335
 0.1475603494998617
 -1.44627316090075
 0.5991777077395569
 -0.2787457952933715
 0.3703029351732259
 0.944246426342239
 0.05736492137214765
 0.04737700343733807
 -0.03699677353561452
 -1.849165763171505
 -0.1778341647915619
 0.3192792639942656
 0.231031650856499
 0.5183366114366088
 0.5997107659381095
 -0.04523405502538494
 -0.3038338036482423
 -0.5539106954524667
 0.06174515094764564
 -0.00395674575032944
 -0.02581516272778367
 0.1414346378236212
 0.5822397163529752
 -0.1966676685303076
 -0.06013381350457138
 -0.552254592321869
 0.232619376495921
 -0.04224388775199063
 0.406625905174569
 0.3000030508418504
 -0.5078305446307639
 0.002954428761945879
 -0.07246162685940714
 0.2691068469877083
 0.1101630381445868
 0.262161190399502
 0.2472587490086984
 1.004818034913835
 -0.3708890147932811
 0.1902430445445559
 0.3630819041215848
 -0.2630028764730318
 -0.07659883811813789
 0.147586960059262
 0.2744798099178801
 -0.1208414940372545
 -3.639067443720712
 -0.933068029109704
 0.5217550641354026
 0.004006456647179742
 1.239465194749776
 -0.7404372528017807
 0.186618111837061
 0.06610881988949406
 0.1171870622886838
 1.829325215041091
 -0.3451902597108403
 -1.906563374481391
 1.221200321082786
 0.3749822299008597
 0.06985174744244067
 -0.01110200145189828
 0.2036397717734465
 -1.197756816586127
 0.02400231110773001
 1.044967838632783
 -0.2630434158475479
 0.1911057827316249
 0.2444350089076883
 -0.01244205554363284
 0.03731075971029629
 1.370847482251466
 -0.8293208743490056
 0.1052076811506349
 0.1261824909036043
 0.170424124131783
 2.751930132934759
 0.3247989121936804
 -0.1194749269887212
 -0.1611035079661857
 -0.03918080303700092
 -0.1410854801058288
 -0.1402103597515669
 0.2510046125828748
 0.1114393046660059
 0.1226785443387314
 0.08753656695254035
 0.8402642185098379
 0.1211187004344026
 -0.8234663218173652
 -0.1723293603343086
 0.07992106847230994
 -0.2333539656370723
 0.1705580410209481
 -1.454234862803646
 0.3070858391545555
 -1.574325176481018
 0.192275871723663
 -0.2009548501012853
 0.1311980703447754
 0.0765879553631879
 -0.07697291234171201
 0.3895394776830752
 -0.7056856767146839
 0.2137992929697383
 2.937856804326712
 0.1965332586083461
 0.01908403042228395
 0.2338580586616421
 -4.601324378826278
 -0.7524480912028791
 -0.2988620657473742
 -0.1302826179906745
 -0.4194852223164205
 -1.431633856409301
 -0.09888090485831355
 -0.1618862600709027
 0.4445763925865481
 0.6141299538457411
 3.060526434953533
 0.1402780585591656
 0.09445029035301845
 0.3394164083859884
 0.03366317803869319
 0.2411219570991113
 0.2424860278970676
 0.4260572576067504
 -0.1997361785068189
 0.6294159127224198
 0.3399650020694196
 0.1489819055583134
 -0.2894989751139588
 0.7369705206767345
 0.275100329301637
 0.1230263379940183
 -0.03826875025368792
 -0.9289623572912725
 1.044818248614133
 -0.2210271387193549
 -0.9885009117502438
 -0.07230504444715999
 0.9537933332937507
 0.1806340995675433
 -0.2517984079030383
 0.2459497850324228
 0.3853172285930053
 0.5266186061720837
 0.191327548137241
 -0.21135126421765
 -0.2652163403443702
 0.1478469624579604
 0.2603712723786554
 -0.2696575627511319
 -0.185250897463545
 0.4653903971808764
 -6.100611305237712
 0.1829710916448869
 -0.2702410322676807
 0.0575461183979567
 1.322551284592162
 0.03376958894864912
 0.4055486842954376
 0.2835457498462604
 -0.1148719862259568
 -0.07506061211811095
 0.2133013784755443
 0.1536079298342067
 0.03348129832384841
 0.3244886894264381
 0.1606155343571194
 0.1169203842488807
 0.5947056110856965
 0.09892645588259634
 -0.01971805414876857
 0.04511433786136299
 -0.1661249119122094
 0.09703965545233768
 -0.1517210813902875
 0.1046094778233786
 0.276986144013388
 -0.5012278006408305
 0.04816323234669423
 0.8033494332833481
 -0.112065865184488
 0.2782902103561778
 0.2367268731322743
 -0.2578257610089302
 0.2757100639864747
 3.038460363377119
 1.103786590915042
 0.02024591408398106
 -0.02783520013179088
 0.2652063389969839
 4.312819927670289
 0.1689978678510051
 -0.5111869934765019
 0.4127648957566172
 0.3519663307470632
 0.05420895555946362
 0.717611169195451
 -0.1671541629696952
 0.2861167105527806
 1.979490576930427e-005
 1.198730114272215
 -0.1182462479656832
 0.7385797871220864
 0.1967252837149749
 0.5294385225539809
 0.1932691814935379
 0.1947705665403335
 -0.07020860569281766
 0.5032532832551118
 -9.012398323236821
 0.1290017115598662
 0.3549527039439178
 0.5891151261520037
 0.5211198878604997
 -0.9090993680027207
 1.221405460836106
 0.0925967524881469
 0.3937045021592915
 0.4204438265795487
 0.1660703700136699
 0.5761161466964281
 -0.244344162322809
 -0.4768987055397717
 0.280829163462694
 0.2470543641329506
 0.4583773797150371
 -1.982026873909954
 0.8354231975033645
 0.02343471899223568
 0.2503508784129471
 -0.1904315948721088
 0.1900071502073201
 0.1219644248012991
 -0.05011416747211653
 0.08679705807745484
 -0.2068395378699195
 -0.5161159146263835
 -0.1723296048354132
 -0.2981424447581665
 0.1354467974742888
 0.5974890630978295
 -0.1546510033599292
 0.01978360691326308
 -0.4483818619873756
 0.5932133953489895
 0.5505885803274344
 0.3879575879935546
 0.03356224202870611
 0.4988021608880884
 -0.2667457656853763
 1.226141405899752
 0.1864120793616101
 0.081728149922147
 0.2318002387266248
 0.1742238831891238
 0.2008866345931258
 0.0701282361703118
 0.2962145191629246
